142.453
161.357
149.993
154.451
141.111
133.988
151.237
132.295
143.060
154.145
155.396
141.351
156.347
147.365
161.090
162.427
145.912
148.877
156.407
161.993
150.450
142.866
150.382
147.862
141.308
146.485
149.480
157.442
150.959
150.017
159.805
147.768
154.420
161.518
143.219
153.848
148.686
154.291
145.817
147.685
149.271
131.339
157.586
151.217
133.629
132.661
138.632
140.412
148.116
157.725
146.549
138.333
154.233
157.196
153.560
151.906
157.337
151.871
142.268
133.846
157.071
150.317
141.934
155.567
143.550
155.193
150.340
150.172
122.630
151.425
153.062
135.831
147.894
157.035
157.737
153.831
153.357
147.386
135.053
145.870
154.431
145.749
143.899
163.427
150.060
146.815
154.401
147.573
152.878
152.501
147.123
143.908
122.924
138.613
153.889
148.340
151.507
138.951
143.509
153.557
139.124
143.429
143.079
149.037
140.977
156.721
156.551
144.316
150.357
146.557
140.081
161.083
150.105
145.528
152.741
146.584
139.893
141.228
152.522
155.285
141.454
162.427
146.362
153.433
155.879
155.002
138.990
156.990
126.445
161.526
130.969
152.858
137.813
144.404
145.552
143.993
155.504
148.580
144.775
154.987
152.624
157.374
154.552
154.372
145.855
148.902
143.866
150.502
130.950
158.016
136.921
149.708
152.551
145.125
151.937
142.890
126.594
136.405
150.096
145.275
142.320
152.492
149.052
143.483
157.712
147.757
154.522
154.076
138.132
136.381
149.070
156.736
155.364
135.732
148.329
150.096
126.722
138.151
149.746
150.372
149.466
149.209
156.673
138.980
154.552
153.392
145.074
145.156
121.634
139.302
149.082
156.627
139.161
145.267
155.401
153.946
148.332
147.430
148.693
147.578
148.710
143.450
121.957
150.838
145.252
137.748
151.465
149.154
140.000
160.391
144.826
156.550
140.306
147.815
154.069
141.014
147.866
141.867
141.554
152.516
152.233
151.861
152.670
147.176
137.240
149.561
158.831
138.875
145.734
122.077
156.305
146.830
154.070
155.512
157.487
150.093
153.262
152.227
145.394
135.432
145.247
159.663
161.357
156.585
146.126
148.272
144.170
154.227
158.382
148.988
158.387
156.529
158.310
155.737
142.787
152.134
132.518
150.302
140.007
145.271
144.429
119.816
136.484
149.142
140.583
148.648
145.088
146.317
147.948
158.349
151.440
148.051
155.288
134.628
154.897
142.296
141.934
135.212
143.544
142.001
151.051
143.924
154.858
149.810
158.207
145.944
156.636
154.147
144.038
149.161
148.917
139.530
145.887
152.253
134.714
129.948
152.967
141.012
129.852
156.152
155.655
155.524
153.923
130.442
138.711
152.291
154.207
160.357
106.608
143.646
160.051
162.427
157.776
140.971
153.471
142.152
135.203
147.942
149.372
150.539
154.962
146.437
148.285
142.467
154.372
150.111
151.465
140.094
147.033
152.608
149.307
156.241
149.552
158.857
152.901
158.761
152.343
139.134
132.187
148.803
146.993
140.120
153.741
140.824
158.289
160.819
143.667
156.346
144.369
135.025
154.037
154.779
149.257
161.926
127.516
139.656
162.357
122.381
148.539
155.813
154.256
143.623
149.639
134.347
146.969
149.347
148.582
154.061
158.557
146.497
136.284
142.705
148.131
135.745
148.892
150.920
148.030
147.386
154.864
144.756
148.052
156.327
160.375
150.449
150.135
164.246
159.530
143.891
144.269
152.774
152.276
147.662
149.186
152.533
159.531
146.566
131.973
144.592
162.427
146.101
138.283
139.382
151.094
150.590
154.118
156.252
151.876
149.059
153.526
156.725
142.753
156.417
156.541
154.723
133.153
151.747
156.887
146.969
150.990
146.833
146.166
156.866
150.971
150.445
159.316
142.147
159.638
144.373
162.427
145.379
151.166
147.572
156.584
158.910
150.119
154.049
152.822
154.113
145.214
148.372
141.927
151.147
155.168
153.448
161.082
148.248
152.192
150.674
146.638
143.602
151.752
152.256
148.741
126.783
149.390
155.614
158.316
146.188
143.342
158.487
136.611
149.330
147.204
123.485
155.991
153.643
158.440
156.212
149.778
142.693
155.647
156.496
150.045
148.566
148.842
163.427
150.926
136.272
134.616
143.621
157.587
154.705
151.624
155.652
155.926
155.560
142.664
145.806
128.962
147.150
152.303
151.877
144.369
148.047
125.886
151.243
157.136
136.048
139.282
144.232
148.883
164.246
146.507
148.668
135.394
148.082
144.234
150.192
147.047
140.920
159.386
132.343
153.033
136.620
156.357
147.043
142.830
150.010
132.932
151.967
151.489
149.140
152.920
147.963
151.613
159.016
146.607
141.732
154.525
159.020
160.643
140.592
150.577
146.608
141.622
161.208
134.634
147.747
159.607
155.023
145.567
145.548
152.732
144.820
159.241
153.872
139.775
159.056
156.159
152.632
150.932
152.440
150.095
141.240
152.571
150.853
150.047
153.503
146.191
139.902
160.537
156.942
147.891
141.568
129.661
155.749
134.716
153.552
156.295
140.344
140.879
150.282
146.998
156.972
145.868
157.737
145.010
143.590
147.662
149.618
157.517
143.394
155.996
143.513
150.302
139.563
143.301
145.811
135.889
149.572
149.033
145.637
145.488
147.523
149.958
154.881
148.428
159.607
147.337
147.618
129.862
142.776
123.718
157.664
144.861
151.706
150.767
150.996
144.895
150.436
150.802
141.437
146.723
139.119
161.121
151.800
155.299
163.567
160.859
118.299
155.207
153.398
137.083
162.374
143.149
158.787
153.072
141.508
142.442
158.048
155.610
158.857
139.400
154.924
160.179
129.584
148.025
147.026
159.314
143.918
143.163
142.728
148.938
145.263
148.142
144.802
154.992
147.220
148.639
152.554
156.321
149.445
158.760
151.673
151.511
154.787
147.613
157.616
135.074
153.959
148.949
161.357
146.938
163.427
163.427
145.604
146.418
150.182
139.152
151.726
140.730
155.228
157.555
151.876
151.766
154.783
144.620
156.372
146.732
140.032
147.262
154.602
158.591
151.552
160.911
132.954
159.551
151.332
145.008
155.136
150.412
150.278
156.517
141.430
144.238
145.620
140.492
153.967
149.139
137.509
144.841
143.211
142.444
155.497
151.507
154.448
158.726
148.188
142.518
149.528
152.260
140.074
158.977
147.443
139.811
148.669
144.306
152.337
151.666
149.611
144.993
153.154
135.063
147.598
140.076
129.367
150.293
155.622
140.664
135.570
142.298
139.181
155.818
143.626
143.157
137.284
163.427
155.049
142.254
162.287
158.348
146.225
162.427
136.033
150.171
148.986
147.785
157.472
163.978
143.712
150.231
152.590
150.205
153.037
162.427
158.607
140.828
154.332
159.057
156.787
147.107
153.503
160.234
155.942
144.070
151.862
143.913
147.597
151.118
157.933
142.095
142.581
156.216
144.404
147.733
150.292
155.289
158.456
150.971
147.368
153.382
152.556
149.304
146.405
152.517
145.552
150.119
149.815
149.683
155.916
156.683
154.694
155.975
135.145
140.872
131.195
145.252
149.035
155.717
137.246
146.971
146.658
151.598
155.214
164.246
154.470
151.131
150.278
140.940
157.119
140.554
150.693
150.255
149.389
146.579
140.675
157.279
148.005
157.895
147.962
141.177
137.443
157.833
145.213
134.766
142.390
148.514
153.963
131.844
147.427
156.474
148.352
152.543
155.614
155.011
143.265
150.864
151.052
135.488
157.719
147.941
135.213
162.427
143.069
152.442
143.018
141.579
142.354
136.075
144.004
149.250
145.757
152.649
145.194
153.163
135.263
155.680
162.553
150.993
120.484
153.848
139.781
136.139
141.671
138.832
162.635
147.510
147.587
142.876
153.348
156.141
151.117
157.646
147.483
143.052
154.157
161.526
158.386
148.434
152.882
148.152
143.363
153.727
145.097
159.249
137.369
153.240
144.970
150.532
143.310
157.621
150.214
138.910
145.959
150.074
136.552
152.757
151.669
158.179
153.962
154.886
146.237
147.104
161.279
146.736
148.642
148.316
160.916
145.193
145.447
143.237
156.496
154.671
130.729
126.717
151.065
154.385
143.973
161.427
144.727
153.302
160.217
143.181
158.478
152.257
153.381
159.484
159.105
159.564
156.372
139.006
143.710
143.269
143.600
156.679
153.489
148.595
155.557
151.495
148.237
154.892
151.427
148.650
152.466
140.625
149.848
146.643
145.824
134.262
150.299
145.636
149.149
150.658
153.548
145.468
139.867
162.427
148.461
158.316
140.404
153.856
151.897
153.889
152.989
148.738
148.498
153.693
156.590
159.636
137.368
141.557
136.132
149.390
155.841
150.157
155.774
143.607
158.221
132.580
162.427
141.369
133.717
141.165
153.714
152.670
153.017
154.465
156.190
145.182
147.797
152.246
132.551
162.427
148.127
156.326
144.597
152.672
150.604
139.721
154.932
139.955
