144.890
161.427
161.607
152.272
156.272
162.147
159.831
150.351
157.683
149.575
152.634
157.636
151.993
149.472
155.573
161.555
148.023
155.476
161.411
156.807
157.737
157.587
158.910
136.085
151.897
148.584
154.261
154.450
153.612
155.633
154.096
161.526
164.246
156.222
147.140
152.747
155.321
141.980
161.926
158.557
147.942
151.767
160.857
157.246
160.633
149.728
155.769
152.266
150.302
160.043
153.416
154.730
140.727
155.041
159.556
136.660
155.237
157.906
160.609
159.557
161.526
156.708
152.842
141.164
145.791
148.247
157.442
156.918
146.838
155.931
161.456
159.557
155.359
153.363
152.328
151.358
149.485
150.737
159.456
156.787
138.008
146.516
163.427
157.427
159.685
147.237
153.361
159.901
154.671
157.392
150.976
142.863
150.445
155.767
156.037
151.098
154.138
138.268
157.787
155.551
157.613
155.892
146.710
150.468
151.601
158.636
156.427
145.298
161.427
162.349
164.246
161.427
160.707
161.427
146.544
154.401
155.517
157.669
154.172
157.011
157.787
144.363
157.348
159.306
157.787
157.664
150.661
150.275
143.895
152.548
163.427
157.858
161.256
147.013
141.257
164.246
162.427
154.787
153.576
153.846
152.997
157.857
145.153
150.446
148.519
147.716
149.266
153.097
155.843
148.475
152.178
149.925
153.552
159.557
159.526
145.159
143.651
149.269
160.625
159.901
161.427
158.557
164.246
161.377
148.737
156.019
158.945
148.618
145.741
148.973
158.777
149.752
154.440
139.951
153.595
149.436
162.427
161.639
158.972
162.427
152.711
150.257
154.609
164.246
157.526
157.931
162.357
149.602
141.698
152.355
160.487
149.611
152.500
161.349
157.135
148.970
164.246
145.787
163.427
156.425
152.917
141.387
159.557
141.045
147.726
156.695
152.268
156.692
151.957
147.758
160.911
143.629
142.595
161.526
156.018
151.798
149.127
147.995
162.357
161.238
158.310
163.427
157.191
155.130
157.372
162.493
151.902
159.557
154.072
150.066
164.246
159.139
158.916
153.418
157.432
157.903
157.032
147.355
154.482
154.524
159.901
160.743
157.728
147.906
147.994
159.901
160.456
155.736
162.631
144.199
164.246
148.933
155.115
158.442
150.912
153.734
154.546
147.067
145.842
157.706
159.227
148.353
144.315
151.649
148.605
160.964
160.156
162.427
164.246
144.302
150.241
153.261
144.677
161.526
150.274
151.776
161.526
152.048
151.128
164.246
150.076
157.645
142.366
152.935
156.823
161.456
159.487
154.039
148.767
156.011
155.783
159.901
140.157
162.427
159.209
148.420
160.456
151.322
142.581
151.101
163.427
152.839
141.901
155.364
149.683
162.427
163.427
152.795
151.885
164.246
162.996
150.098
156.772
154.857
154.577
143.409
159.533
150.683
158.300
153.148
155.014
155.816
148.622
157.081
153.087
151.978
161.287
149.229
153.282
161.748
162.427
164.246
144.368
164.246
149.222
163.427
150.470
133.958
138.295
162.431
143.073
154.069
152.477
149.468
143.512
151.398
161.677
143.407
154.554
160.456
148.207
162.032
141.912
149.387
159.831
159.901
157.168
154.914
162.357
157.486
160.456
161.456
150.729
160.487
139.205
153.412
163.978
154.753
162.427
151.427
158.046
158.737
159.371
149.750
143.055
164.246
164.246
152.697
159.677
161.287
142.613
155.967
161.357
148.128
156.047
156.566
159.823
158.556
155.667
142.240
149.836
156.011
160.283
156.557
159.264
161.287
157.537
135.523
155.302
158.831
157.827
158.607
144.862
142.118
154.548
148.652
157.203
149.811
154.844
142.475
162.427
149.956
153.781
161.427
148.304
159.901
138.735
159.380
157.182
145.559
138.345
160.316
161.677
160.287
155.303
160.537
156.128
148.723
151.475
152.932
153.391
159.901
163.427
161.607
140.859
159.313
159.357
155.024
151.405
159.011
159.433
148.317
164.246
137.087
161.357
153.063
143.113
156.339
157.831
153.848
157.962
152.866
133.648
151.845
153.917
153.967
161.456
155.111
157.442
153.009
148.026
155.696
154.409
153.202
144.139
153.848
158.459
145.998
156.069
150.245
153.111
154.959
156.186
160.819
158.442
152.284
152.976
149.983
141.842
151.303
163.427
149.436
156.647
154.135
159.380
151.802
140.012
161.577
153.198
162.427
154.310
150.149
158.016
161.427
163.427
155.675
150.533
157.857
158.857
145.343
155.778
147.613
157.793
155.448
156.807
145.660
163.357
142.170
162.357
144.382
151.697
155.816
164.246
164.246
162.819
146.687
160.607
157.670
154.343
159.557
156.498
156.567
151.732
149.586
156.055
157.442
152.515
164.246
161.056
163.357
164.246
156.399
141.853
152.688
150.324
151.727
153.598
150.482
157.451
146.987
150.451
161.524
150.723
154.577
152.097
157.411
144.416
149.240
147.085
157.472
133.772
149.956
140.282
164.246
161.537
156.787
154.911
149.803
164.246
161.526
156.934
153.553
138.175
145.146
155.943
161.361
158.956
148.474
163.427
142.034
155.806
148.223
156.107
149.852
155.254
144.857
153.227
149.351
153.697
162.427
164.246
163.427
156.111
163.427
163.427
160.782
154.627
155.676
142.808
156.471
155.886
153.299
160.992
156.946
164.246
156.026
158.487
156.040
162.565
157.310
156.359
150.805
163.197
154.552
147.254
154.745
155.350
146.743
160.456
156.404
140.355
151.569
154.572
156.644
153.871
160.608
141.724
157.831
152.959
152.709
159.646
135.187
157.783
149.228
156.358
161.357
164.246
154.017
162.357
159.565
161.357
156.806
148.683
150.622
158.621
155.537
156.972
164.246
153.423
158.524
153.044
155.926
154.594
149.625
160.386
158.993
148.744
145.817
159.636
150.476
163.306
159.776
156.465
158.592
139.505
148.085
162.357
151.037
151.966
163.427
156.037
154.140
157.857
159.603
147.307
161.427
151.192
130.433
155.219
157.011
147.080
148.316
158.478
152.197
158.902
160.386
162.427
157.204
153.502
162.493
151.811
137.529
151.247
150.305
147.059
147.470
154.588
164.246
157.381
155.875
154.609
150.177
159.831
155.293
153.897
152.985
141.328
160.287
164.246
158.008
145.665
140.176
161.357
160.383
159.279
144.101
161.357
153.957
159.557
162.427
158.537
164.246
156.024
152.796
156.037
154.212
152.212
149.085
150.513
158.433
155.886
154.026
151.348
155.552
161.526
162.427
146.249
152.382
155.179
154.192
150.254
155.667
154.607
151.484
152.613
154.343
152.805
158.356
141.482
153.651
162.980
162.427
148.408
159.155
164.246
147.741
150.183
161.357
140.512
161.456
155.528
155.886
150.909
160.767
157.355
156.026
157.848
158.664
160.209
157.209
152.123
157.220
160.650
145.431
151.508
156.130
156.560
155.556
150.963
148.877
162.357
158.204
159.131
160.886
150.098
157.168
152.855
152.802
156.759
139.925
150.068
153.776
157.003
145.200
156.678
154.846
152.868
150.652
146.973
150.841
160.712
148.787
156.972
155.974
154.842
147.759
157.857
159.901
153.517
146.025
157.478
157.442
155.872
139.282
153.774
160.881
153.587
152.016
160.357
151.925
148.678
157.178
143.791
144.803
156.852
143.697
152.252
141.962
158.026
147.597
156.441
146.776
135.230
156.420
164.246
139.477
160.269
153.569
161.357
148.024
154.110
149.797
164.246
156.826
150.140
157.363
159.612
151.405
154.721
154.780
156.372
153.776
153.697
161.625
149.728
147.947
150.875
163.357
164.246
151.409
163.427
151.252
149.549
154.552
156.220
159.720
163.237
150.097
145.037
144.759
161.357
159.066
161.537
144.507
159.057
142.142
157.143
150.957
157.931
157.556
153.639
153.535
158.421
153.416
147.584
146.046
157.902
161.573
151.709
143.859
164.246
149.413
144.749
155.316
159.831
146.580
155.772
155.430
136.370
153.247
147.372
149.247
155.598
154.458
146.100
163.427
148.228
143.519
162.357
156.717
149.159
157.931
159.380
145.450
157.467
147.361
151.041
149.358
149.903
159.706
164.246
164.246
157.401
161.287
161.427
155.177
155.914
157.487
163.427
164.246
149.650
164.246
152.171
157.930
150.942
145.578
159.526
163.357
162.427
164.246
158.059
153.356
159.456
155.636
149.432
157.372
148.982
156.848
159.487
150.944
163.427
157.216
159.343
157.367
153.827
145.624
158.487
159.091
157.372
158.110
154.172
157.935
142.223
156.486
145.743
154.203
150.613
155.933
159.607
156.224
153.037
157.861
148.675
151.866
131.171
153.872
151.944
148.297
137.962
159.526
159.831
153.455
138.997
154.427
152.664
159.495
156.358
153.797
161.048
158.157
158.537
164.246
145.910
139.958
154.039
143.412
153.646
157.463
147.625
157.939
153.241
141.204
156.636
158.624
146.555
151.627
157.717
159.413
159.105
152.906
149.679
